-0.671608
-0.670863
-0.670662
-0.670536
-0.670325
-0.670223
-0.670073
-0.669883
-0.669717
-0.669564
-0.669329
-0.66913
-0.66883
-0.668651
-0.668301
-0.667965
-0.667681
-0.667366
-0.666964
-0.666541
-0.666016
-0.665563
-0.665104
-0.66464
-0.664291
-0.663765
-0.663254
-0.662634
-0.662053
-0.661296
-0.660632
-0.660058
-0.659371
-0.658536
-0.657486
-0.656449
-0.655077
-0.653268
-0.651373
-0.649465
-0.647781
-0.646074
-0.644329
-0.642691
-0.640625
-0.638686
-0.636795
-0.63456
-0.632351
-0.630305
-0.628113
-0.625947
-0.623622
-0.620826
-0.618163
-0.615304
-0.612801
-0.610184
-0.607473
-0.604873
-0.602069
-0.599442
-0.596695
-0.59418
-0.591546
-0.588871
-0.586242
-0.583606
-0.580984
-0.578262
-0.575595
-0.57283
-0.569907
-0.567151
-0.564184
-0.561256
-0.558135
-0.555024
-0.551934
-0.549102
-0.545824
-0.542593
-0.539122
-0.535996
-0.532546
-0.528932
-0.525127
-0.521376
-0.517629
-0.513926
-0.510101
-0.506155
-0.50224
-0.498404
-0.49448
-0.49049
-0.486509
-0.482598
-0.478705
-0.474653
-0.470613
-0.466703
-0.462546
-0.458545
-0.454396
-0.450183
-0.445832
-0.441499
-0.437033
-0.432512
-0.427942
-0.423464
-0.418826
-0.413966
-0.40923
-0.404583
-0.39984
-0.395039
-0.390247
-0.385662
-0.38072
-0.375861
-0.371149
-0.366349
-0.361262
-0.356027
-0.351104
-0.345984
-0.340873
-0.335792
-0.330914
-0.325728
-0.32059
-0.315573
-0.310309
-0.305063
-0.299763
-0.294521
-0.289227
-0.28377
-0.278574
-0.273322
-0.267811
-0.262431
-0.256843
-0.251258
-0.2456
-0.239924
-0.234297
-0.228761
-0.223207
-0.217509
-0.211908
-0.206329
-0.200791
-0.195074
-0.189354
-0.183439
-0.177584
-0.17184
-0.165925
-0.160039
-0.154359
-0.1485
-0.142749
-0.136966
-0.130961
-0.124915
-0.118918
-0.112981
-0.107001
-0.101127
-0.0953054
-0.0894003
-0.0836821
-0.0778085
-0.0718165
-0.0658334
-0.0598234
-0.0537551
-0.04782
-0.0419642
-0.0359733
-0.0300828
-0.0241761
-0.0183195
-0.0126897
-0.00661211
-0.000600055
0.00533904
0.0114856
0.0177013
0.0237602
0.0299609
0.036161
0.0422727
0.0482988
0.0544501
0.060671
0.0667743
0.0727396
0.0786629
0.0844038
0.0901086
0.0956866
0.101147
0.106823
0.112486
0.11831
0.124323
0.130264
0.136317
0.142524
0.148599
0.154481
0.160382
0.166172
0.171819
0.177444
0.183128
0.188879
0.194842
0.200859
0.206796
0.212902
0.218762
0.224434
0.23009
0.235659
0.241155
0.246742
0.252227
0.257688
0.263282
0.268901
0.27445
0.279905
0.285403
0.290965
0.29631
0.301609
0.306989
0.312418
0.317978
0.32328
0.328532
0.333866
0.339238
0.344605
0.349804
0.355374
0.36072
0.36592
0.371165
0.376259
0.381347
0.386421
0.391531
0.396493
0.401496
0.406622
0.411708
0.416689
0.4216
0.426427
0.431433
0.436415
0.441372
0.446394
0.451237
0.455946
0.46067
0.465466
0.470156
0.474709
0.47938
0.483999
0.488702
0.49346
0.498133
0.502805
0.507572
0.512062
0.516653
0.521164
0.525723
0.530356
0.534945
0.539312
0.543677
0.547984
0.552097
0.556581
0.560952
0.565117
0.5692
0.573238
0.577069
0.580928
0.585246
0.589553
0.593783
0.598161
0.60235
0.60613
0.609879
0.613204
0.616573
0.618787
0.621361
0.623161
0.626052
0.628892
0.631932
0.635007
0.638057
0.640881
0.644677
0.64839
0.651273
0.653307
0.655955
0.658312
0.660253
0.662382
0.664654
0.666859
0.669221
0.671713
0.674435
0.67735
0.680627
0.684454
0.688867
0.693589
0.698571
0.703434
0.708488
0.713354
0.717876
0.721966
0.72547
0.728549
0.731197
0.733807
0.736102
0.738034
0.740151
0.742272
0.744542
0.747033
0.749682
0.752799
0.756212
0.759886
0.763301
0.766911
0.770413
0.773907
0.777444
0.780743
0.78379
0.786473
0.789017
0.791529
0.794175
0.796782
0.799173
0.801787
0.804178
0.806825
0.809517
0.812183
0.815119
0.818
0.821036
0.823905
0.827078
0.830089
0.833029
0.835658
0.838254
0.840745
0.8434
0.845818
0.848252
0.850757
0.85311
0.855501
0.857896
0.860362
0.862914
0.865485
0.86796
0.870385
0.873104
0.875632
0.878376
0.881127
0.883786
0.886344
0.888768
0.891144
0.893527
0.896038
0.898415
0.900839
0.90306
0.905429
0.907766
0.910026
0.912307
0.914692
0.916875
0.919131
0.921338
0.923554
0.926024
0.928472
0.931065
0.933495
0.935791
0.938108
0.940242
0.942459
0.944849
0.947114
0.949524
0.951796
0.954191
0.956441
0.95862
0.960809
0.963067
0.965369
0.967694
0.969983
0.972118
0.974238
0.976437
0.978613
0.980811
0.983102
0.985299
0.987505
0.989635
0.991659
0.993853
0.996081
0.998221
1.00048
1.00264
1.00482
1.00688
1.00897
1.01095
1.0129
1.01486
1.01678
1.01913
1.02145
1.0235
1.02545
1.02732
1.02937
1.03175
1.03398
1.03614
1.03802
1.03994
1.04193
1.04414
1.0463
1.04843
1.05042
1.05238
1.05433
1.05637
1.0583
1.06061
1.06239
1.06423
1.06595
1.06793
1.06995
1.07199
1.07378
1.0753
1.07717
1.07884
1.08097
1.083
1.08471
1.08635
1.08848
1.09025
1.09211
1.09435
1.09629
1.09792
1.09973
1.10145
1.10327
1.10526
1.10728
1.10903
1.11091
1.11265
1.11439
1.11619
1.11833
1.12002
1.1219
1.12351
1.12526
1.12691
1.1286
1.13028
1.13181
1.13339
1.13498
1.13687
1.13857
1.14005
1.14155
1.14314
1.14463
1.14617
1.14783
1.14928
1.15074
1.15219
1.15387
1.15536
1.15689
1.15844
1.16012
1.16157
1.16321
1.16482
1.16635
1.16791
1.1695
1.17086
1.17252
1.17372
1.17507
1.17642
1.17783
1.17922
1.18043
1.18172
1.18301
1.18437
1.18572
1.18713
1.18835
1.18949
1.19076
1.19191
1.19304
1.19422
1.19533
1.19645
1.19749
1.19865
1.19978
1.20074
1.2018
1.20291
1.20393
1.20494
1.2062
1.20709
1.20798
1.20903
1.21008
1.21124
1.21225
1.21322
1.2142
1.21512
1.21604
1.21702
1.21792
1.21868
1.2193
1.21984
1.22056
1.22143
1.22234
1.22322
1.2239
1.22456
1.22527
1.22584
1.22647
1.22712
1.22782
1.22872
1.22937
1.23005
1.23044
1.23091
1.23104
1.23136
1.23173
1.23222
1.23262
1.23298
1.23313
1.23339
1.23356
1.23394
1.23466
1.23518
1.23562
1.23603
1.23616
1.23636
1.23671
1.23711
1.23751
1.23766
1.23788
1.23816
1.23837
1.23851
1.23861
1.23893
-1.12422
-1.12408
-1.12386
-1.12361
-1.12338
-1.12306
-1.12269
-1.12218
-1.12147
-1.12079
-1.12001
-1.11934
-1.1185
-1.1175
-1.11663
-1.11552
-1.11445
-1.11333
-1.11191
-1.11071
-1.10936
-1.10816
-1.10701
-1.1058
-1.10458
-1.10354
-1.10241
-1.101
-1.09978
-1.09853
-1.0971
-1.09561
-1.09409
-1.09255
-1.09108
-1.08953
-1.088
-1.0866
-1.0852
-1.08377
-1.0821
-1.08049
-1.07875
-1.07718
-1.07547
-1.0738
-1.07214
-1.07048
-1.06889
-1.06709
-1.06539
-1.06369
-1.062
-1.06017
-1.05828
-1.0565
-1.05461
-1.05265
-1.05075
-1.04876
-1.04671
-1.04485
-1.04291
-1.04087
-1.03865
-1.03699
-1.03493
-1.03277
-1.03056
-1.02843
-1.02652
-1.02439
-1.02219
-1.0203
-1.01837
-1.01631
-1.01423
-1.01201
-1.00993
-1.00796
-1.00562
-1.00336
-1.00119
-0.999155
-0.996955
-0.994817
-0.992481
-0.990305
-0.987944
-0.985665
-0.983643
-0.981449
-0.979075
-0.976645
-0.974281
-0.972052
-0.969659
-0.967311
-0.965101
-0.962955
-0.960871
-0.958758
-0.956416
-0.954319
-0.952033
-0.949736
-0.947518
-0.945189
-0.942822
-0.940427
-0.937913
-0.935597
-0.933064
-0.930672
-0.928375
-0.926103
-0.923888
-0.92155
-0.919301
-0.917049
-0.914578
-0.912341
-0.910187
-0.907933
-0.905676
-0.902901
-0.900446
-0.898239
-0.896064
-0.893664
-0.891298
-0.889092
-0.887099
-0.884911
-0.882609
-0.880473
-0.878349
-0.876256
-0.87411
-0.871907
-0.869763
-0.867484
-0.865032
-0.862823
-0.860564
-0.858245
-0.855962
-0.85354
-0.851372
-0.849163
-0.846963
-0.844837
-0.842721
-0.84063
-0.838707
-0.836676
-0.834833
-0.833022
-0.83098
-0.828803
-0.826767
-0.824639
-0.822599
-0.82077
-0.818704
-0.816602
-0.814833
-0.812888
-0.810904
-0.808917
-0.807006
-0.805037
-0.803339
-0.80129
-0.799335
-0.797393
-0.795417
-0.793441
-0.791546
-0.789747
-0.787898
-0.786035
-0.784319
-0.782436
-0.780656
-0.778956
-0.777102
-0.775385
-0.773626
-0.772
-0.770269
-0.768548
-0.76701
-0.765451
-0.763845
-0.762337
-0.760843
-0.759294
-0.757784
-0.756261
-0.754884
-0.753275
-0.751771
-0.75048
-0.749122
-0.747737
-0.746343
-0.744909
-0.743528
-0.742121
-0.740513
-0.739017
-0.737717
-0.736422
-0.735279
-0.734117
-0.732973
-0.731766
-0.730566
-0.729314
-0.727987
-0.726804
-0.725557
-0.724515
-0.723545
-0.722595
-0.721465
-0.720481
-0.719522
-0.718493
-0.717516
-0.716411
-0.71538
-0.714602
-0.713656
-0.712851
-0.712119
-0.711589
-0.710854
-0.710146
-0.709418
-0.70863
-0.707906
-0.707026
-0.706145
-0.705361
-0.704698
-0.704048
-0.703311
-0.702717
-0.702105
-0.701643
-0.701162
-0.700604
-0.700223
-0.699772
-0.699295
-0.69895
-0.698599
-0.698197
-0.697765
-0.697329
-0.69679
-0.696304
-0.695761
-0.695218
-0.69473
-0.694369
-0.69406
-0.693897
-0.693644
-0.693462
-0.69328
-0.693066
-0.692924
-0.692806
-0.692641
-0.692526
-0.692312
-0.692088
-0.691924
-0.691808
-0.691557
-0.690747
-0.689072
-0.6877
-0.686961
-0.686688
-0.686509
-0.686322
-0.686174
-0.686048
-0.68594
-0.685814
-0.685703
